0.436149619017959 0.415282145317327 0.410691581714844
0.446689095139854 0.41400707419191 0.411609458474665
0.440511605344366 0.409720535889202 0.403714644559724
0.431566038778065 0.398546051096368 0.403123895461493
0.431583840443033 0.410533134969755 0.409069235353839
0.463367124594532 0.413047787832172 0.409343158037255
0.424223618365864 0.408235763308941 0.406992195380302
0.461953649438823 0.422940098314911 0.415907754275229
0.426253307247803 0.406508278750314 0.407168594785668
0.431756317308614 0.410877399197941 0.404943893726862
0.46230465666833 0.419020997597816 0.405019621355598
0.412575432608715 0.419723758229487 0.408032593547548
0.449194913286533 0.421362597396619 0.407899841123574
0.425089779140722 0.403267670501052 0.400722404012055
0.423934255075542 0.381519420528079 0.401315072965041
0.448815264437277 0.409435653823893 0.411120244774329
0.456017621257048 0.408166875088694 0.406680336235079
0.453631432738957 0.413202876587354 0.410061800227641
0.442398490029015 0.422166382365518 0.405991539825437
0.441204747402428 0.415605528838047 0.409410787462897
0.477079343700206 0.422669314302906 0.416928714264943
0.446535620594325 0.429657047850687 0.405789276826846
0.42826138591085 0.412039045499409 0.405075527381098
0.434619310020794 0.399631549604197 0.403170505407559
0.433954517618262 0.411113618643099 0.403353109096436
0.45012813099458 0.416573058292692 0.406952095173136
0.43267855836221 0.413306395471227 0.405915151739005
0.447935639506159 0.398044698220092 0.406026171238758
0.464456619991665 0.414925077652209 0.405020041933662
0.432646256453486 0.40772054325893 0.407398372544577
0.45224025865988 0.407534491909467 0.40922289641916
0.450342969782203 0.423645477503624 0.414038247574486
0.486707304099584 0.427904024511051 0.408521808983488
0.431085501180553 0.414589902080365 0.406121269296253
0.452593860407542 0.426965738818899 0.410838735650868
0.450254662385066 0.397734607005132 0.402825925746538
0.430659255220003 0.413725710774004 0.405690409374389
0.439661642405816 0.409566807704175 0.405112862361274
0.446690510373105 0.409014523731577 0.403738598642173
0.398068259237693 0.395423145034144 0.405635112181498
0.438968927010555 0.419228979302712 0.408188263841663
0.445313229387682 0.409122639796617 0.409777673793481
0.410590821942997 0.399277908474254 0.403445426925451
0.440609044730471 0.406655240679856 0.402870944861501
0.408029492603361 0.383322158451379 0.40257648773412
0.432860012773765 0.404182506987846 0.407505153211142
0.43038972596222 0.410291651089157 0.40559184943793
0.434939146242245 0.411661087323357 0.409009562317176
0.470466219569478 0.435314145642345 0.408308240852446
0.440053603503191 0.407302523590816 0.407576257491569
