0.367035364944528 0.343775763738789 0.340870282625122
0.374565474568101 0.339343281705656 0.342189990121419
0.367371902118732 0.338857981576393 0.33575631367783
0.360639966245919 0.326429733577991 0.335400212749811
0.358592776138146 0.33800361962831 0.340119073084387
0.386348517901873 0.342765016966721 0.340497764817222
0.347197215622745 0.335437415213058 0.338378807557148
0.385487450515617 0.348748488926554 0.345608891878345
0.356733528894252 0.334250243335414 0.338377154527093
0.365007550344322 0.34264292282035 0.337044459801105
0.390289872404913 0.349043118416778 0.336980337572009
0.342023403936572 0.345275059013425 0.338809048555793
0.380082942357864 0.346638953222185 0.33885785454244
0.353928571072544 0.336737170743853 0.334148612188314
0.351279769485622 0.313777429000843 0.33378765486041
0.377275406474518 0.338895110400418 0.341688436906624
0.380965391692002 0.336676394601021 0.337923414761433
0.379925395313662 0.339604198098658 0.340579332701187
0.371967892148677 0.350879733044001 0.338675724676523
0.363010573520104 0.342167940380463 0.340295238761143
0.393949713944745 0.347837741052165 0.346221921210579
0.372226243115613 0.356033858831339 0.337731724288545
0.360004100674673 0.340245224068952 0.337427871537784
0.356620828152787 0.328713084796774 0.335765095500702
0.36219673486826 0.338149852470392 0.334974277864741
0.372250101179123 0.342559116260095 0.338524253486909
0.354555355441846 0.339755744693364 0.337437832991493
0.379372145760528 0.329545522485469 0.337679876852049
0.385521454414259 0.34177975078558 0.336351395026068
0.36359050764967 0.337774273974925 0.338341042961052
0.374975579466839 0.331156233245379 0.338966679307245
0.374904984864047 0.349510782634872 0.34384732989418
0.404823199273675 0.353087528346841 0.339363544455768
0.36018614733818 0.344071041634063 0.337622412214522
0.380159316595476 0.354779347458093 0.341238332852352
0.37711961146481 0.325260263005158 0.334027803030946
0.353864137591081 0.339154256896023 0.337522189935345
0.375122640715177 0.339134099587182 0.337436327410367
0.37257472385649 0.339079014890255 0.335074387140451
0.328907351669683 0.32367580638189 0.337203133028994
0.366780593885584 0.345533789029359 0.339065640978289
0.369665062714052 0.336099871961422 0.339895161478152
0.341733160790153 0.330013508830506 0.335510310087912
0.368476739790601 0.334026240645523 0.335023430901594
0.338945425399586 0.315709639931845 0.335253684699664
0.362424340726834 0.336310786931965 0.338409139454065
0.355811853180761 0.338392024120398 0.337281723579197
0.355328655893385 0.339148069444538 0.33895114449741
0.392552699555093 0.359961789227018 0.339431740470522
0.363914654906542 0.332713424951554 0.339071387963241
