0.773520128262273 0.710226551133284 0.696904318641717
0.807302171737893 0.70650524256925 0.699551453372475
0.787347172081203 0.694112807238532 0.677049404075396
0.759219308167916 0.662637682939587 0.675389569788826
0.759274403421988 0.696448196369258 0.69224562305329
0.863471370896577 0.703716212784405 0.69303041792763
0.73678537692334 0.689862174827687 0.686318446755199
0.858575936732978 0.732922348407629 0.712058338934375
0.742929436687669 0.684943469631472 0.686820217694878
0.759808389358025 0.697439545925676 0.680513802745496
0.859789214099932 0.721232601979215 0.680727694379421
0.70234623390189 0.723317151411962 0.689282195438445
0.815524264611971 0.728197996708893 0.68890344818959
0.739402020902273 0.675793233525089 0.668675763443886
0.735912973147074 0.616865643305782 0.670327671272082
0.814273755203084 0.693295584934955 0.698139545681579
0.838294840194684 0.689665478169818 0.685432088420062
0.830266343858361 0.704166499972397 0.695092808680422
0.793395430460788 0.730601975173702 0.683477706203253
0.789564237261283 0.711172930865853 0.693224289864889
0.912336007294181 0.732109560039333 0.715056159452847
0.806801010525424 0.753331037460079 0.682904668330259
0.749051009250308 0.700793211429136 0.68088563510915
0.76871976302689 0.665643821457861 0.675520410871908
0.766642489208324 0.698120438268275 0.676033203635063
0.818605490418612 0.71401066442639 0.686204422713444
0.762669144168282 0.704467190848606 0.68326124277904
0.811383004520459 0.661252915362857 0.683575860716866
0.86726236814735 0.7091828102753 0.680728882448347
0.762568787770791 0.688392174704746 0.687474272208648
0.825617920647935 0.68786197060301 0.692685775969928
0.819316310033837 0.735043208594392 0.706596029281138
0.948206175515129 0.747958459496831 0.690679411664197
0.757733371315192 0.7082042205177 0.683845452446156
0.826797194391165 0.745096354167139 0.697328151919044
0.819024067286305 0.660397578262514 0.674553606919586
0.756417416403979 0.705686260470687 0.682624705664487
0.784635990820807 0.693671719422864 0.68099112710569
0.807306794384305 0.692088960145282 0.677116777511952
0.661317940691359 0.654049426117173 0.682468161385342
0.78243246790506 0.721848997905191 0.689726544612583
0.802819272030054 0.692398570924759 0.694276809939074
0.696614232062889 0.664663267935007 0.67629257260766
0.787658507131517 0.685360802960158 0.674679855878154
0.689273346399956 0.621592236051109 0.67385444239924
0.763233103859939 0.678366297948893 0.687778392368634
0.755586311516696 0.69575350568962 0.682345706488722
0.769720895280256 0.699700595105139 0.69207475491623
0.888453649145819 0.77089614036379 0.690069169529575
0.785885231615555 0.687201379797381 0.687980964040733
