0.579867096227836 0.523869349442846 0.51715204707005
0.598888387732421 0.513645396026182 0.520195778389843
0.580707533144821 0.512534330194818 0.505471592115342
0.564063981491582 0.484626103393754 0.504664941494405
0.559071932459836 0.510582277562502 0.515424918665489
0.62958948062981 0.521525825336909 0.516295088405356
0.531856211296579 0.504749173203301 0.51143888893247
0.627306066961637 0.535505074455363 0.528138123499831
0.554565712528187 0.502065888855915 0.511435112681503
0.574821874720314 0.521243224900596 0.508396776803446
0.640123650142331 0.536200059161914 0.508250896116686
0.519810895984515 0.527358952437563 0.512422391467621
0.613119025637905 0.530547321319058 0.512534039571665
0.547816472336659 0.507697937967526 0.501836623464118
0.541496554234307 0.457253145351915 0.501022920538153
0.605846324999977 0.512619276807466 0.519037574398733
0.615418567199806 0.507559797149861 0.510399283550661
0.612709168287654 0.514243423596736 0.516482648468244
0.592275279398192 0.54054656880369 0.512117485042968
0.569884771127455 0.520144823252244 0.515829593411004
0.650028096692999 0.533360733896727 0.529571015675023
0.592930556643457 0.552876674828297 0.509962105501324
0.562510011476923 0.515714681396277 0.509269643323107
0.554293399223493 0.48967599003067 0.505491495894516
0.567881594010729 0.51091603398829 0.503701235478844
0.592991097056858 0.521049306078167 0.511771225583718
0.549319540306296 0.51459098956578 0.509292334808426
0.611271542469548 0.491525574871451 0.509843903348558
0.627396118519919 0.519248308136206 0.506821520463047
0.571315343375678 0.510059124405166 0.511352622618749
0.599937485877713 0.495117469438675 0.512783045417457
0.59975679822452 0.537304498375239 0.524035556905876
0.680173015446247 0.545804175709489 0.513691821890454
0.562954593495743 0.524555345888706 0.509712916681394
0.613317787576351 0.549857395389324 0.517999680111729
0.605444670286812 0.482052923774436 0.501564186239546
0.547662122129867 0.513212440929139 0.509484521304049
0.600314021849835 0.513166285891491 0.509288905157591
0.593815292470416 0.513040170503819 0.503927628384542
0.490107219156709 0.478580848409889 0.50875788621334
0.579231448600472 0.527962762992603 0.513009554352962
0.586458152400262 0.506250650914006 0.514910877246815
0.519140780660246 0.492567407224063 0.504914244993478
0.583472950257482 0.5015606635452 0.503812384481197
0.512734407147047 0.461367948980607 0.50433327268342
0.56844130646392 0.50672932497622 0.511508183735814
0.552341509134602 0.511469082080681 0.508936807055907
0.551177990369339 0.513198272961804 0.512747494645776
0.646233342822628 0.56240671754939 0.513848093022664
0.57211608114171 0.498606501902721 0.513022710453309
